3,2
3,1
3,3
10,275
10,223
10,291
10,203
10,211
10,221
10,255
10,2
10,3
9,7
9,2
9,3
8,11
8,4
8,7
8,15
8,8
8,13
8,2
76,3
76,2
76,1
76,0
75,4
75,3
75,2
75,1
75,0
74,4
74,3
74,2
74,1
74,0
72,3
72,2
72,1
72,0
26,3
26,2
26,1
20,3
20,2
20,1
19,3
19,2
19,1
12,3
12,2
12,1
11,30
11,29
11,28
11,27
11,26
11,25
11,24
11,23
11,22
11,21
11,20
11,19
11,18
11,17
18,1
11,16
18,3
11,15
11,14
11,13
11,12
11,11
11,10
11,9
14,1
11,8
11,7
14,3
11,6
11,5
13,1
11,4
13,3
11,3
11,2
11,1
10,317
10,316
10,315
10,313
10,311
10,310
10,309
10,308
10,307
10,306
10,304
10,265
10,241
10,215
10,167
10,135
10,113
10,89
10,1
10,13
9,1
9,5
8,17
8,16
8,9
2,2
8,1
